Tamaño de la Matriz:9
Sudoku a resolver:

 4  0  0  |  7  0  0  |  0  0  6
 7  9  0  |  0  0  0  |  0  0  0
 0  2  0  |  4  0  0  |  0  0  0
--------------------------------
 0  0  0  |  0  1  0  |  0  6  0
 0  0  0  |  0  6  0  |  0  4  0
 0  0  0  |  8  0  0  |  0  1  0
--------------------------------
 0  5  0  |  0  0  8  |  0  3  0
 1  0  0  |  6  0  2  |  0  5  0
 6  0  0  |  0  0  0  |  0  0  0

Algoritmo de Fuerza Bruta:

 4  1  3  |  7  2  5  |  8  9  6
 7  9  5  |  1  8  6  |  3  2  4
 8  2  6  |  4  3  9  |  1  7  5
--------------------------------
 3  4  2  |  5  1  7  |  9  6  8
 9  8  1  |  2  6  3  |  5  4  7
 5  6  7  |  8  9  4  |  2  1  3
--------------------------------
 2  5  4  |  9  7  8  |  6  3  1
 1  3  8  |  6  4  2  |  7  5  9
 6  7  9  |  3  5  1  |  4  8  2

Duro: 487 microsegundos
